0005
0024
0025
0031
0058
0089
0104
0105
0106
0139
0250
0265
0411
0454
0474
0479
0480
0484
0485
0487
0491
0492
0493
0503
0505
0508
0509
0519
0522
0546
0547
0563
0564
0568
0569
0575
0578
0579
0580
0585
0586
0589
0590
0591
0592
0593
0594
0595
0596
0597
0598
0599
0600
0601
0603
0604
0605
0606
0607
0608
0609
0612
0613
0617
0618
0619
0620
0622
0623
0624
0627
0628
0631
0633
0634
0635
0638
0640
0641
0642
0643
0644
0645
0648
0649
0650
0651
0652
0653
0654
0655
0656
0657
0658
0726
0783
0801
0867
0874
0875
0876
0877
0878
0880
0891
0895
0943
0948
0962
0971
0986
0988
0989
0995
0996
1013
1014
1015
1016
1020
1021
1022
1023
1036
1063
1065
1066
1111
1160
1163
1164
1165
1167
1168
1169
1170
1172
1173
1177
1180
1199
1200
1201
1202
1203
1204
1205
1206
1207
1210
1211
1212
1220
1268
1351
1352
1353
1355
1364
1365
1379
1411
1412
1413
1423
1424
1425
1427
1446
1463
1470
1472
1473
1474
1476
1477
1480
1481
1482
1483
1518
1548
1554
1575
1577
1580
1581
1582
1592
1598
1601
1607
1609
1632
1638
1639
1646
1650
1653
1655
1656
1658
1661
1665
1668
1669
1671
1701
1702
1704
1721
1722
1734
1741
1742
1743
1744
1745
1746
1747
1748
1749
1750
1751
1752
1753
1754
1755
1756
1758
1759
1760
1769
1779
1780
1781
1784
1787
1788
1789
1790
1798
1799
1803
1805
1806
1810
1815
1849
1850
1851
1852
1853
1856
1857
1858
1859
1860
1861
1863
1864
1865
1866
1867
1869
1870
1871
1872
1874
1875
1876
1879
1880
1881
1882
1884
1885
1886
1887
1888
1898
1899
1900
1901
1902
1903
1904
1922
1935
1936
1942
1943
1944
1945
1948
1983
2065
2075
2088
2116
2124
2127
2129
2130
2131
2132
2133
2134
2136
2138
2139
2140
2142
2143
2144
2146
2147
2151
2152
2155
2156
2157
2158
2159
2164
2165
2166
2167
2174
2175
2176
2178
2179
2181
2182
2183
2184
2186
2188
2189
2190
2192
2193
2194
2196
2197
2198
2199
2200
2201
2202
2203
2204
2205
2230
2231
2232
2233
2235
2236
2240
2253
2288
2290
2298
2300
2304
2307
2309
2318
2319
2355
2357
2358
2359
2361
2362
2388
2390
2410
2416
2417
2444
2450
2452
2455
2457
2458
2460
2461
2462
2466
2470
2471
2472
2473
2474
2475
2476
2477
2478
2481
2482
2485
2487
2488
2489
2490
2491
2492
2493
2494
2495
2496
2497
2499
2500
2503
2504
2505
2521
2523
2526
2527
2528
2529
2530
2556
2558
2566
2576
2579
2580
2590
2599
2601
2661
2662
2663
2679
2683
2713
2714
2715
2716
2722
2725
2726
2727
2728
2734
2735
2739
2753
2754
2755
2769
2771
2786
2787
2788
2821
2822
2831
2832
2842
2872
2903
2907
2913
2925
2944
2947
2958
3000
3001
3003
3006
3007
3008
3022
3036
3045
3046
3083
3084
3097
3098
3102
3117
3118
3119
3120
3123
3127
3130
3133
3135
3144
3150
3159
3160
3161
3162
3170
3171
3172
3180
3181
3183
3202
3204
3210
3212
3220
3224
3225
3226
3230
3237
3253
3284
3285
3292
3293
3321
3324
3328
3345
3357
3359
3367
3368
3373
3376
3491
3494
3503
3510
3515
3529
3537
3555
3562
3603
3617
3620
3621
3622
3623
3637
3639
3648
3649
3650
3652
3653
3654
3655
3656
3657
3658
3659
3660
3662
3663
3664
3665
3671
3691
3692
3808
3849
3901
3902
3903
3904
3908
3911
3914
3915
3916
3917
3918
3919
3920
3921
3922
3923
3924
3925
3926
3927
3928
3929
3931
3932
3933
3934
3935
3938
3940
3941
3942
3943
3944
3945
3946
3947
3948
3949
3950
3951
3952
3953
3954
3955
3956
3957
3958
3959
3960
3961
3962
3963
3964
3965
3966
3967
3968
3969
3970
3971
3972
3973
3974
3975
3976
3977
3978
3979
3980
3981
3982
3983
3984
3985
3986
3987
3988
3989
3990
3991
3992
3993
3994
3995
3996
3997
3998
3999
4000
4001
4002
4003
4004
4005
4006
4007
4008
4009
4010
4011
4012
4013
4014
4015
4016
4017
4018
4019
4020
4021
4022
4023
4024
4025
4026
4027
4028
4029
4030
4031
4032
4033
4035
4036
4037
4038
4039
4040
4041
4042
4043
4044
4045
4046
4047
4048
4049
4050
4051
4052
4053
4054
4055
4056
4057
4058
4059
4060
4061
4062
4063
4064
4065
4066
4067
4068
4069
4070
4071
4072
4073
4074
4075
4076
4077
4078
4079
4080
4081
4082
4083
4084
4085
4086
4087
4088
4089
4090
4091
4092
4093
4094
4095
4096
4097
4098
4099
4100
4101
4102
4103
4104
4105
4106
4107
4108
4109
4110
4111
4112
4113
4114
4115
4116
4117
4118
4119
4120
4121
4122
4123
4124
4125
4126
4127
4128
4129
4130
4131
4132
4133
4134
4135
4136
4137
4138
4139
4140
4141
4142
4143
4144
4145
4146
4147
4148
4149
4150
4151
4152
4153
4154
4155
4156
4157
4158
4159
4162
4163
4164
4165
4166
4167
4168
4169
4170
4171
4172
4173
4174
4175
4176
4177
4178
4179
4180
4181
4182
4183
4184
4185
4186
4187
4188
4189
4190
4191
4192
4193
4194
4195
4196
4197
4198
4200
4201
4202
4203
4204
4205
4208
4209
4211
4212
4214
4215
4216
4217
4218
4219
4220
4221
4222
4223
4227
4228
4231
4232
4233
4234
4235
4236
4237
4238
4239
4240
4241
4242
4243
4244
4245
4248
4249
4250
4251
4252
4253
4254
4257
4258
4260
4261
4262
4263
4264
4265
4268
4269
4270
4271
4272
4273
4274
4275
4276
4277
4278
4279
4280
4282
4283
4284
4287
4288
4290
4291
4292
4294
4295
4296
4297
4298
4300
4302
4303
4304
4305
4306
4307
4308
4309
4310
4312
4313
4314
4315
4316
4317
4318
4321
4322
4323
4324
4325
4326
4327
4328
4329
4330
4331
4332
4333
4334
4335
4336
4337
4338
4339
4340
4341
4342
4343
4344
4345
4346
4347
4348
4349
4350
4351
4352
4353
4354
4355
4356
4357
4358
4359
4360
4361
4362
4363
4365
4366
4367
4370
4371
4372
4373
4374
4375
4376
4377
4378
4379
4380
4381
4382
4383
4384
4385
4386
4387
4388
4389
4390
4391
4392
4393
4394
4395
4396
4397
4398
4399
4400
4401
4402
4403
4404
4405
4406
4408
4409
4410
4411
4412
4413
4414
4415
4416
4417
4418
4419
4420
4421
4422
4423
4424
4425
4426
4427
4431
4433
4437
4439
4442
4445
4446
4452
4453
4455
4456
4464
4465
4473
4474
4475
4476
4477
4478
4479
4480
4481
4482
4483
4484
4485
4486
4487
4488
4489
4490
4491
4492
4493
4494
4495
4496
4497
4498
4499
4500
4501
4502
4503
4504
4505
4506
4507
4508
4509
4510
4511
4512
4513
4514
4515
4516
4517
4518
4519
4520
4521
4522
4523
4524
4525
4526
4527
4528
4529
4530
4531
4532
4533
4534
4535
4536
4537
4538
4539
4540
4542
4543
4544
4545
4546
4547
4548
4549
4550
4551
4552
4553
4554
4555
4556
4557
4558
4559
4560
4561
4562
4563
4564
4565
4566
4567
4568
4569
4570
4571
4572
4573
4574
4575
4576
4577
4578
4579
4580
4581
4582
4583
4584
4585
4586
4587
4588
4589
4590
4591
4592
4593
4594
4595
4596
4597
4598
4599
4600
4601
4602
4603
4604
4605
4606
4607
4608
4609
4610
4611
4612
4613
4614
4615
4616
4617
4618
4619
4620
4621
4622
4623
4624
4625
4626
4627
4628
4629
4630
4631
4632
4633
4634
4635
4636
4637
4638
4639
4640
4671
4706
4713
4715
4718
4719
4730
4773
4850
4851
4853
4860
4866
4887
4890
4892
4915
4919
4922
4932
4935
4936
4937
4938
4956
4968
4969
4971
5178
5193
5194
5195
5203
5205
5206
5210
5215
5222
5237
5239
5249
5250
5302
5303
5306
5308
5311
5323
5332
5333
5336
5337
5351
5358
5359
5362
5363
5364
5365
5370
5371
5376
5455
5456
5463
5464
5501
5504
5639
5657
5662
5664
5665
5667
5673
5675
5680
5696
5729
5771
5804
5807
5810
5869
5871
5872
5877
5996
6049
6050
6129
6130
6140
6151
6180
6301
6302
6303
6304
6305
6306
6307
6308
6309
6310
6311
6312
6313
6314
6315
6316
6317
6330
6417
6418
6420
6431
6433
6435
6440
6441
6443
6444
6445
6451
6453
6456
6459
6461
6463
6464
6465
6467
6468
6470
6471
6472
6474
6475
6476
6484
6489
6494
6495
6496
6499
6500
6501
6506
6507
6508
6516
6530
6531
6537
6542
6543
6547
6549
6551
6554
6555
6557
6559
6560
6562
6563
6564
6565
6568
6580
6581
6582
6583
6584
6585
6586
6587
6588
6589
6590
6591
6592
6604
6605
6658
6666
6678
6679
6689
6690
6691
6700
6702
6703
6704
6705
6707
6711
6713
6717
6720
6721
6722
6723
6724
6725
6727
6728
6730
6731
6732
6733
6734
6735
6736
6737
6738
6763
6765
6766
6767
6768
6769
6770
6791
6792
6798
6807
6812
6828
6829
6835
6836
6840
6841
6842
6843
6844
6859
6865
6867
6870
6871
6872
6875
6877
6878
6880
6881
6884
6889
6890
6892
6893
6901
6903
6912
6913
6914
6915
6916
6918
6919
6925
6926
6928
6930
6932
6988
6990
6991
6993
6994
6995
6997
7017
7053
7054
7120
7132
7144
7148
7154
7155
7158
7159
7161
7163
7164
7165
7166
7167
7173
7181
7182
7184
7185
7188
7189
7191
7192
7196
7197
7198
7199
7200
7201
7204
7206
7207
7208
7209
7210
7211
7212
7213
7214
7215
7216
7217
7219
7221
7227
7228
7229
7230
7231
7232
7233
7234
7235
7236
7237
7262
7264
7265
7266
7267
7268
7269
7270
7271
7273
7274
7275
7276
7277
7279
7280
7281
7282
7283
7284
7285
7286
7287
7288
7289
7290
7291
7292
7293
7295
7297
7298
7299
7302
7303
7304
7305
7306
7307
7308
7309
7310
7311
7313
7314
7315
7317
7318
7319
7320
7321
7322
7323
7347
7351
7357
7358
7359
7367
7368
7377
7378
7379
7380
7381
7382
7383
7384
7385
7386
7387
7388
7389
7390
7391
7392
7393
7394
7395
7396
7397
7398
7399
7400
7401
7402
7403
7404
7405
7406
7407
7408
7409
7410
7411
7412
7413
7414
7415
7416
7417
7418
7419
7426
7430
7431
7432
7433
7434
7435
7436
7437
7438
7439
7440
7441
7442
7443
7444
7445
7446
7447
7448
7449
7450
7451
7452
7453
7454
7455
7456
7457
7458
7459
7460
7461
7462
7463
7464
7465
7466
7467
7468
7469
7470
7471
7472
7473
7474
7475
7476
7477
7479
7480
7481
7482
7483
7484
7485
7486
7487
7488
7489
7490
7491
7492
7493
7494
7495
7496
7497
7498
7499
7500
7501
7502
7503
7504
7505
7506
7507
7508
7509
7510
7511
7512
7513
7514
7515
7516
7517
7518
7519
7520
7521
7522
7523
7524
7525
7526
7527
7528
7529
7530
7546
7558
7573
7574
7575
7576
7577
7578
7579
7580
7581
7582
7583
7584
7585
7586
7587
7588
7589
7590
7591
7592
7593
7594
7595
7596
7597
7598
7599
7600
7601
7602
7603
7604
7605
7606
7607
7608
7609
7610
7611
7612
7613
7614
7615
7616
7617
7618
7619
7620
7621
7622
7623
7624
7626
7627
7628
7629
7630
7631
7632
7633
7634
7635
7636
7637
7638
7639
7640
7641
7642
7643
7644
7645
7646
7647
7648
7649
7659
7660
7670
7685
7686
7690
7691
7695
7697
7698
7699
7700
7701
7702
7703
7704
7705
7706
7707
7708
7709
7710
7711
7712
7713
7714
7715
7716
7717
7719
7720
7721
7722
7723
7724
7725
7726
7727
7728
7729
7731
7732
7734
7735
7736
7738
7739
7740
7741
7742
7744
7745
7747
7749
7752
7753
7754
7756
7757
7758
7759
7760
7766
7767
7768
7769
7770
7771
7772
7773
7774
7775
7776
7777
7778
7779
7780
7781
7782
7783
7784
7785
7786
7787
7788
7789
7790
7791
7792
7793
7794
7795
7798
7807
7815
7828
7829
7830
7832
7836
7838
7839
7840
7841
7842
7843
7844
7845
7846
7847
7848
7849
7850
7851
7852
7853
7854
7855
7856
7857
7858
7859
7862
7863
7873
7874
7875
7876
7877
7878
7879
7880
7881
7882
7883
7884
7885
7886
7887
7888
7889
7890
7891
7892
7893
7894
7897
7907
7908
7909
7910
7911
7912
7913
7914
7915
7916
7918
7919
7920
7921
7925
7929
7930
7933
7934
7939
7941
7943
7944
7946
7950
7951
7953
7954
7955
7956
7957
7958
7959
7960
7961
7962
7963
7964
7965
7966
7967
7968
7969
7970
7976
7984
7992
7993
7994
7995
7996
7997
7998
7999
8000
8001
8002
8003
8004
8005
8006
8007
8008
8009
8010
8022
8023
8025
8028
8030
8031
8032
8033
8034
8035
8036
8038
8039
8040
8041
8042
8043
8044
8045
8046
8047
8048
8050
8051
8052
8055
8056
8058
8059
8060
8061
8062
8063
8064
8065
8067
8070
8071
8072
8073
8074
8075
8076
8077
8084
8091
8092
8098
8099
8129
8135
8145
8174
8214
8237
8254
8255
8256
8286
8298
8309
8310
8311
8313
8314
8315
8316
8317
8318
8319
8327
8330
8332
8334
8369
8388
8399
8400
8432
8440
8452
8457
8459
8498
8499
8534
8569
8579
8580
8582
8583
8584
8585
8587
8588
8610
8611
8613
8638
8639
8640
8641
8642
8643
8644
8645
8646
8647
8648
8649
8650
8651
8652
8653
8654
8655
8656
8657
8658
8659
8660
8661
8662
8664
8665
8666
8667
8668
8669
8670
8671
8672
8673
8674
8675
8676
8677
8678
8679
8680
8681
8682
8683
8684
8685
8686
8687
8688
8689
8690
8691
8692
8693
8694
8695
8696
8697
8698
8699
8700
8701
8702
8703
8704
8707
8709
8712
8713
8714
8716
8717
8720
8721
8722
8723
8724
8725
8726
8727
8728
8745
8750
8755
8757
8758
8771
8775
8790
8798
8825
8826
8827
8849
8863
8865
8866
8868
8875
8876
8877
8878
8879
8885
8890
8902
8903
8905
8909
8910
8911
8912
8924
8925
9026
9027
9028
9031
9050
9069
9078
9085
9086
9092
9094
9137
9139
9140
9149
9156
9160
9161
9162
9172
9175
9177
9179
9181
9187
9189
9198
9199
9200
9206
9207
9208
9209
9213
9242
9244
9253
9267
9268
9269
9271
9273
9275
9276
9277
9278
9280
9281
9290
9291
9292
9294
9295
9296
9300
9301
9305
