0001
0004
0005
0007
0008
0009
0010
0011
0015
0017
0019
0020
0021
0022
0023
0024
0034
0038
0039
0040
0041
0045
0046
0048
0059
0060
0061
0073
0075
0187
0188
0189
0190
0199
0200
0201
0203
0205
0210
0213
0214
0215
0216
0217
0223
0272
0282
0289
0296
0298
0305
0306
0307
0308
0309
0312
0316
0320
0322
0324
0325
0329
0334
0359
0361
0374
0382
0383
0384
0392
0393
0394
0402
0407
0415
0420
0421
0423
0426
0429
0430
0432
0433
0436
0437
0439
0440
0441
0442
0443
0454
0456
0459
0460
0461
0464
0472
0483
0492
0501
0504
0512
0514
0515
0516
0517
0520
0521
0523
0524
0528
0529
0530
0532
0533
0537
0545
0549
0552
0554
0563
0567
0568
0571
0575
0581
0582
0584
0586
0605
0606
0608
0609
0610
0611
0612
0615
0616
0629
0630
0631
0632
0633
0634
0635
0636
0637
0639
0640
0641
0648
0677
0688
0689
0690
0692
0693
0694
0697
0728
0732
0734
0735
0736
0739
0747
0748
0750
0754
0756
0760
0763
0768
0773
0774
0781
0782
0790
0791
0793
0794
0795
0796
0797
0798
0799
0809
0814
0815
0818
0823
0824
0830
0833
0836
0837
0838
0842
0846
0847
0850
0853
0854
0858
0859
0860
0862
0863
0870
0872
0875
0876
0878
0881
0882
0885
0900
0902
0903
0908
0909
0913
0916
0937
0938
0939
0941
0942
0946
0952
0960
0972
0973
0974
0979
0980
0983
0984
0995
0996
1013
1014
1016
1017
1019
1020
1022
1025
1026
1029
1032
1033
1042
1043
1047
1053
1067
1068
1070
1071
1072
1086
1087
1107
1108
1145
1148
1150
1155
1157
1162
1193
1198
1210
1211
1216
1217
1218
1219
1222
1254
1269
1279
1280
1284
1285
1287
1290
1292
1294
1296
1300
1301
1303
1304
1305
1306
1307
1308
1309
1310
1313
1315
1317
1318
1319
1320
1321
1327
1330
1332
1333
1337
1338
1340
1345
1346
1349
1350
1351
1358
1359
1360
1366
1367
1392
1400
1401
1402
1403
1406
1423
1424
1433
1449
1475
1478
1479
1483
1485
1486
1487
1490
1492
1493
1500
1501
1502
1503
1504
1506
1507
1508
1512
1513
1514
1515
1516
1517
1519
1520
1523
1524
1527
1541
1544
1547
1549
1551
1553
1560
1565
1570
1571
1572
1573
1580
1582
1585
1586
1587
1588
1594
1595
1596
1597
1601
1604
1605
1610
1611
1612
1613
1615
1616
1618
1619
1620
1631
1632
1636
1637
1640
1641
1642
1643
1644
1645
1646
1681
1682
1684
1694
1700
1703
1718
1724
1725
1743
1745
1746
1747
1748
1751
1753
1756
1757
1758
1759
1760
1768
1772
1778
1783
1789
1792
1795
1797
1800
1801
1804
1811
1812
1814
1816
1817
1820
1821
1823
1829
1831
1832
1833
1834
1835
1840
1841
1847
1848
1881
1882
1883
1886
1887
1892
1893
1894
1896
1897
1906
1907
1909
1910
1912
1913
1914
1915
1920
1927
1929
1935
1936
1941
1947
1948
1949
1953
1954
1955
1956
1957
1958
1959
1960
1961
1962
1963
1964
1965
1966
1967
1968
1969
1974
1976
1977
1991
1992
1996
2004
2005
2016
2039
2041
2042
2050
2051
2052
2053
2103
2104
2155
2156
2157
2158
2159
2167
2181
2185
2186
2189
2191
2194
2195
2197
2214
2218
2223
2226
2227
2228
2234
2239
2252
2255
2263
2264
2265
2266
2268
2272
2273
2275
2276
2277
2278
2279
2280
2281
2282
2288
2289
2304
2305
2311
2319
2320
2327
2330
2347
2348
2350
2351
2352
2353
2363
2364
2365
2367
2368
2369
2370
2372
2374
2378
2385
2386
2387
2389
2391
2396
2398
2402
2403
2404
2405
2406
2409
2412
2413
2414
2418
2421
2423
2425
2427
2428
2429
2430
2431
2433
2434
2436
2441
2443
2444
2445
2446
2447
2451
2452
2453
2454
2456
2457
2458
2459
2460
2462
2463
2464
2465
2469
2470
2474
2475
2479
2480
2481
2482
2483
2484
2485
2486
2487
2488
2489
2490
2491
2492
2493
2494
2495
2496
2497
2511
2512
2526
2527
2528
2529
2532
2533
2534
2535
2537
2538
2546
2547
2549
2553
2568
2569
2570
2576
2577
2582
2585
2588
2592
2596
2597
2598
2600
2603
2604
2606
2607
2610
2614
2615
2617
2618
2619
2625
2627
2629
2630
2631
2632
2636
2638
2640
2641
2642
2643
2644
2646
2647
2648
2649
2652
2653
2655
2658
2660
2669
2670
2672
2673
2675
2676
2677
2678
2681
2682
2684
2685
2686
2687
2688
2689
2690
2691
2694
2695
2696
2697
2698
2699
2703
2704
2707
2710
2712
2714
2716
2718
2724
2726
2727
2736
2737
2738
2739
2753
2754
2755
2756
2760
2762
2776
2794
2795
2803
2804
2805
2806
2807
2808
2810
2811
2812
2819
2820
2824
2826
2828
2829
2830
2833
2834
2837
2838
2839
2842
2843
2844
2863
2865
2869
2871
2873
2875
2878
2879
2880
2912
2916
2917
2918
2920
2921
2923
2924
2927
2928
2929
2930
2931
2932
2933
2936
2937
2938
2943
2945
2949
2950
2951
2955
2956
2961
2964
2965
2966
2967
2969
2970
2972
2973
2975
2977
2981
2982
2983
2986
2988
2990
2991
2992
2993
2998
2999
3001
3002
3003
3004
3009
3012
3013
3014
3015
3024
3025
3026
3031
3038
3039
3041
3043
3044
3049
3056
3057
3058
3059
3080
3081
3082
3087
3101
3104
3105
3108
3109
3114
3116
3118
3124
3125
3127
3128
3134
3135
3138
3145
3149
3154
3155
3156
3158
3161
3162
3163
3169
3171
3172
3173
3174
3175
3176
3177
3178
3179
3182
3183
3184
3187
3188
3195
3197
3200
3201
3202
3211
3212
3216
3223
3224
3225
3226
3233
3234
3235
3240
3246
3247
3249
3256
3257
3258
3260
3262
3263
3265
3266
3268
3269
3270
3272
3275
3276
3277
3281
3282
3285
3286
3288
3293
3296
3300
3301
3302
3303
3306
3307
3308
3314
3315
3316
3323
3324
3327
3328
3332
3336
3343
3344
3349
3358
3361
3362
3365
3366
3377
3381
3383
3384
3402
3405
3415
3421
3425
3429
3430
3434
3435
3438
3440
3442
3443
3444
3445
3451
3454
3462
3464
3465
3466
3470
3473
3475
3477
3478
3479
3481
3484
3487
3489
3490
3514
3517
3526
3530
3536
3541
3571
3572
3574
3577
3587
3591
3599
3600
3601
3603
3604
3606
3607
3611
3612
3616
3619
3628
3634
3638
3647
3661
3663
3669
3670
3671
3672
3673
3674
3675
3680
3681
3682
3689
3690
3691
3692
3693
3694
3695
3699
3700
3704
3729
3732
3742
3744
3745
3751
3753
3755
3757
3760
3761
3764
3765
3767
3768
3770
3771
3772
3774
3775
3776
3784
3786
3788
3790
3791
3792
3793
3795
3802
3805
3809
3814
3815
3822
3832
3833
3834
3841
3843
3846
3851
3852
3854
3855
3856
3864
3871
3874
3876
3877
3883
3889
3890
3893
3895
3900
3905
3908
3910
3936
3937
3941
3946
3948
3954
3955
4035
4037
4038
4039
4041
4044
4045
4048
4056
4057
4059
4060
4061
4062
4064
4065
4066
4068
4069
4070
4071
4072
4073
4074
4076
4077
4078
4079
4084
4085
4086
4087
4089
4092
4093
4094
4096
4097
4098
4102
4104
4105
4109
4112
4115
4116
4119
4122
4127
4128
4131
4132
4133
4134
4135
4136
4137
4138
4139
4140
4142
4145
4146
4147
4149
4155
4158
4180
4182
4184
4210
4224
4225
4226
4227
4228
4229
4235
4244
4273
4276
4279
4281
4282
4289
4293
4338
4371
4419
4457
4480
4490
4507
4541
4550
4660
4661
4662
4665
4680
4682
4686
4690
4698
4702
4703
4713
4714
4716
4717
4728
4731
4732
4745
4753
4755
4757
4766
4769
4792
4794
4796
4797
4799
4800
4801
4802
4804
4806
4807
4810
4823
4826
4827
4828
4832
4855
4856
4857
4858
4862
4863
4864
4869
4881
4934
4955
4957
4965
5024
5027
5068
5073
5075
5139
5157
5168
5184
5202
5204
5208
5210
5211
5212
5214
5224
5225
5227
5228
5229
5230
5232
5235
5256
5260
5291
5326
5369
5450
5451
5454
5457
5459
5460
5464
5465
5467
5468
5469
5470
5472
5474
5475
5509
5515
5557
5572
5584
5591
5604
5608
5647
5649
5650
5678
5683
5689
5698
5719
5728
5739
5741
5744
5752
5755
5759
5760
5762
5764
5765
5769
5770
5771
5820
5838
5845
5875
5887
5889
5890
5915
6025
6026
6027
6034
6037
6042
6043
6048
6051
6052
6054
6055
6056
6057
6058
6059
6060
6061
6062
6066
6069
6070
6072
6075
6076
6085
6086
6092
6094
6101
6103
6104
6106
6107
6114
6119
6122
6131
6132
6134
6137
6138
6139
6141
6143
6146
6147
6148
6155
6156
6157
6160
6162
6163
6166
6167
6168
6169
6170
6171
6172
6173
6174
6175
6176
6177
6178
6179
6181
6182
6183
6184
6185
6186
6187
6188
6189
6190
6191
6192
6238
6270
6301
6302
6303
6304
6305
6306
6307
6308
6309
6310
6311
6312
6314
6316
6321
6326
6330
6332
6338
6344
6345
6346
6348
6352
6353
6357
6363
6367
6368
6369
6375
6384
6388
6390
6391
6393
6395
6396
6397
6398
6399
6401
6402
6403
6405
6406
6407
6408
6409
6410
6411
6412
6414
6415
6416
6417
6418
6421
6423
6424
6425
6430
6431
6442
6475
6476
6477
6478
6480
6491
6506
6512
6525
6563
6588
6589
6590
6591
6592
6631
6636
6642
6643
6644
6649
6657
6658
6659
6660
6661
6662
6664
6665
6667
6668
6669
6670
6671
6673
6676
6677
6678
6691
6692
6693
6694
6695
6696
6697
6698
6699
6700
6701
6703
6706
6710
6712
6719
6721
6723
6740
6745
6748
6751
6753
6755
6757
6764
6771
6773
6774
6785
6792
6814
6823
6824
6826
6846
6849
6851
6856
6857
6859
6861
6862
6864
6866
6869
6870
6871
6872
6873
6874
6875
6876
6877
6878
6879
6880
6881
6882
6883
6884
6885
6886
6887
6888
6889
6890
6891
6892
6893
6895
6896
6897
6903
6904
6905
6906
6907
6908
6909
6910
6911
6912
6913
6914
6915
6916
6917
6918
6919
6920
6921
6922
6923
6924
6925
6926
6927
6928
6929
6930
6931
6932
6933
6941
6949
6951
6952
6954
6961
6965
6966
6971
6973
6985
6996
7003
7004
7006
7008
7009
7010
7011
7012
7013
7016
7057
7072
7075
7081
7082
7083
7084
7088
7089
7090
7091
7092
7093
7094
7095
7096
7097
7099
7100
7104
7105
7106
7108
7109
7110
7111
7112
7113
7114
7115
7119
7120
7121
7122
7123
7124
7125
7126
7131
7135
7140
7142
7143
7145
7146
7147
7149
7150
7151
7152
7156
7157
7158
7159
7160
7168
7170
7172
7174
7176
7186
7187
7190
7193
7222
7243
7254
7255
7256
7261
7262
7264
7267
7270
7271
7272
7274
7275
7276
7277
7278
7279
7281
7282
7283
7284
7285
7287
7288
7290
7291
7293
7294
7295
7296
7297
7298
7300
7302
7305
7306
7307
7308
7309
7310
7311
7312
7313
7314
7315
7316
7317
7318
7319
7321
7322
7323
7330
7333
7352
7353
7360
7361
7362
7365
7366
7399
7420
7428
7429
7532
7533
7535
7536
7538
7541
7560
7561
7565
7567
7568
7625
7626
7641
7643
7645
7649
7650
7657
7658
7660
7661
7662
7665
7666
7667
7668
7669
7672
7673
7674
7675
7676
7678
7679
7680
7681
7682
7685
7686
7690
7693
7694
7696
7704
7705
7706
7707
7708
7709
7710
7712
7724
7729
7732
7734
7739
7740
7742
7745
7748
7751
7752
7758
7761
7762
7790
7796
7799
7800
7802
7803
7805
7808
7809
7810
7811
7812
7813
7814
7815
7816
7817
7818
7819
7823
7836
7872
7878
7895
7896
7897
7898
7899
7900
7901
7937
7943
7944
7945
7946
7949
7951
7952
7954
7955
7956
7957
7958
7960
7961
7962
7967
7970
7973
7977
7982
7990
8002
8004
8022
8026
8027
8030
8031
8035
8037
8038
8039
8041
8043
8050
8053
8054
8057
8059
8060
8061
8075
8082
8083
8086
8087
8088
8089
8090
8093
8094
8096
8097
8102
8103
8104
8105
8109
8110
8111
8116
8130
8143
8144
8145
8146
8147
8149
8150
8152
8153
8176
8178
8179
8180
8182
8185
8191
8199
8200
8201
8210
8211
8212
8215
8217
8220
8221
8234
8239
8248
8249
8254
8255
8256
8265
8269
8275
8277
8278
8279
8280
8281
8282
8283
8284
8288
8290
8291
8293
8299
8301
8312
8313
8314
8315
8316
8321
8323
8324
8325
8326
8329
8331
8333
8334
8335
8336
8337
8338
8339
8348
8349
8351
8352
8353
8357
8358
8359
8360
8361
8363
8364
8365
8366
8367
8368
8380
8381
8386
8387
8408
8416
8417
8419
8420
8422
8425
8426
8427
8428
8433
8434
8439
8440
8441
8442
8443
8444
8445
8446
8448
8449
8450
8451
8452
8453
8454
8455
8458
8459
8462
8463
8464
8465
8468
8469
8470
8471
8472
8473
8475
8476
8484
8485
8489
8491
8492
8493
8494
8496
8497
8500
8501
8502
8503
8504
8505
8506
8510
8515
8517
8519
8520
8521
8522
8523
8524
8525
8528
8530
8531
8534
8535
8536
8537
8538
8539
8540
8541
8542
8543
8544
8545
8546
8547
8548
8549
8550
8551
8552
8553
8554
8555
8559
8560
8561
8562
8563
8569
8588
8590
8591
8597
8598
8603
8604
8605
8610
8611
8612
8615
8617
8619
8620
8621
8622
8624
8627
8631
8634
8635
8639
8640
8641
8642
8646
8650
8651
8652
8653
8654
8655
8657
8659
8660
8661
8662
8663
8664
8665
8666
8667
8668
8669
8671
8701
8714
8719
8732
8734
8735
8737
8738
8740
8753
8754
8762
8764
8766
8767
8769
8770
8771
8772
8773
8775
8776
8778
8781
8783
8784
8786
8791
8792
8808
8812
8813
8814
8815
8817
8820
8821
8822
8829
8831
8845
8847
8850
8851
8854
8860
8861
8862
8863
8864
8865
8866
8868
8869
8870
8871
8872
8873
8874
8875
8876
8880
8886
8891
8896
8899
8905
8909
8916
8925
8926
8978
9019
9023
9024
9027
9036
9060
9065
9066
9067
9068
9070
9071
9073
9074
9076
9077
9079
9080
9083
9087
9089
9090
9091
9136
9152
9167
9169
9170
9173
9188
9191
9195
9211
9212
9214
9220
9222
9223
9225
9235
9241
9244
9247
9249
9250
9257
9258
9272
9274
9283
9284
9285
9286
9299
9307
9308
9314
9315
9319
9320
9322
9323
9324
9325
9326
9329
9330
9333
9334
9335
